"L20x20x3-",0.882,20,3,3.5,2,1.12,0.60,1.41,0.84,0.70,0.080,87.40,"L20x20x3",0.882,0.39,0.28,0.59,0.61,0.74,0.16,0.38,-0.23,1,1,,,
"L25x25x3x/-",1.12,25,3,3.5,2,1.42,0.72,1.77,1.02,0.88,0.100,86.88,"L25x25x3",1.12,0.80,0.45,0.75,1.26,0.94,0.33,0.48,-0.47,1,2,,,
"L25x25x4x/-",1.45,25,4,3.5,2,1.85,0.76,1.77,1.08,0.89,0.100,66.67,"L25x25x4",1.45,1.01,0.58,0.74,1.60,0.93,0.43,0.48,-0.59,1,1,,,
"L30x30x3x/-",1.36,30,3,5,2.5,1.74,0.84,2.12,1.18,1.05,0.120,84.87,"L30x30x3",1.36,1.40,0.65,0.90,2.23,1.13,0.58,0.58,-0.83,1,4,,,
"L30x30x4x/-",1.78,30,4,5,2.5,2.27,0.88,2.12,1.24,1.06,0.120,65.02,"L30x30x4",1.78,1.80,0.85,0.89,2.86,1.12,0.75,0.57,-1.05,1,1,,,
"L35x35x4x/-",2.09,35,4,5,2.5,2.67,1.00,2.47,1.42,1.24,0.140,64.82,"L35x35x4",2.09,2.95,1.18,1.05,4.69,1.33,1.22,0.68,-1.73,1,2,,,
"L40x40x4x/-",2.42,40,4,6,3,3.08,1.12,2.83,1.58,1.40,0.150,64.07,"L40x40x4",2.42,4.47,1.55,1.21,7.10,1.52,1.84,0.77,-2.63,1,4,,,
"L40x40x5x/-",2.97,40,5,6,3,3.79,1.16,2.83,1.64,1.41,0.150,52.07,"L40x40x5",2.97,5.43,1.91,1.20,8.61,1.51,2.25,0.77,-3.18,1,1,,,
"L45x45x4.5x/-",3.06,45,4.5,7,3.5,3.90,1.26,3.18,1.78,1.58,0.170,56.83,"L45x45x4.5",3.06,7.15,2.20,1.35,11.35,1.71,2.94,0.87,-4.20,1,4,,,
"L50x50x4x/-",3.06,50,4,7,3.5,3.89,1.36,3.54,1.92,1.75,0.190,63.49,"L50x50x4",3.06,8.97,2.46,1.52,14.25,1.91,3.69,0.97,-5.28,4,4,,,
"L50x50x5x/-",3.77,50,5,7,3.5,4.80,1.40,3.54,1.99,1.76,0.190,51.46,"L50x50x5",3.77,10.96,3.05,1.51,17.42,1.90,4.51,0.97,-6.45,1,4,,,
"L50x50x6x/-",4.47,50,6,7,3.5,5.69,1.45,3.54,2.04,1.77,0.190,43.41,"L50x50x6",4.47,12.84,3.61,1.50,20.37,1.89,5.31,0.97,-7.53,1,2,,,
"L60x60x5x/-",4.57,60,5,8,4,5.82,1.64,4.24,2.32,2.11,0.230,51.04,"L60x60x5",4.57,19.37,4.45,1.82,30.78,2.30,7.97,1.17,-11.41,4,4,,,
"L60x60x6x/-",5.42,60,6,8,4,6.91,1.69,4.24,2.39,2.11,0.230,42.99,"L60x60x6",5.42,22.79,5.29,1.82,36.21,2.29,9.38,1.17,-13.41,1,4,,,
"L60x60x8x/-",7.09,60,8,8,4,9.03,1.77,4.24,2.50,2.14,0.230,32.89,"L60x60x8",7.09,29.15,6.89,1.80,46.20,2.26,12.11,1.16,-17.04,1,1,,,
"L65x65x7-",6.83,65,7,9,4.5,8.70,1.85,4.60,2.61,2.29,0.250,36.95,"L65x65x7",6.83,33.43,7.18,1.96,53.09,2.47,13.78,1.26,-19.65,1,3,,,
"L70x70x6-",6.38,70,6,9,4.5,8.13,1.93,4.95,2.73,2.46,0.270,42.68,"L70x70x6",6.38,36.88,7.27,2.13,58.61,2.69,15.16,1.37,-21.73,4,4,,,
"L70x70x7-",7.38,70,7,9,4.5,9.40,1.97,4.95,2.79,2.47,0.270,36.91,"L70x70x7",7.38,42.30,8.41,2.12,67.19,2.67,17.40,1.36,-24.90,1,4,,,
"L75x75x6-",6.85,75,6,10,5,8.73,2.04,5.30,2.89,2.63,0.290,42.44,"L75x75x6",6.85,45.57,8.35,2.28,72.40,2.88,18.74,1.46,-26.83,4,4,,,
"L75x75x8-",8.99,75,8,10,5,11.4,2.13,5.30,3.01,2.65,0.290,32.37,"L75x75x8",8.99,58.87,10.96,2.27,93.49,2.86,24.25,1.45,-34.62,1,4,,,
"L80x80x8-",9.63,80,8,10,5,12.3,2.26,5.66,3.19,2.83,0.310,32.34,"L80x80x8",9.63,72.25,12.58,2.43,114.8,3.06,29.72,1.56,-42.53,1,4,,,
"L80x80x10-",11.9,80,10,10,5,15.1,2.34,5.66,3.30,2.85,0.310,26.26,"L80x80x10",11.9,87.50,15.45,2.41,138.8,3.03,36.23,1.55,-51.27,1,1,,,
"L90x90x7-",9.61,90,7,11,5.5,12.2,2.45,6.36,3.47,3.16,0.350,36.48,"L90x90x7",9.61,92.55,14.13,2.75,147.1,3.47,38.02,1.76,-54.53,4,4,,,
"L90x90x8-",10.9,90,8,11,5.5,13.9,2.50,6.36,3.53,3.17,0.350,32.15,"L90x90x8",10.9,104.4,16.05,2.74,165.9,3.46,42.87,1.76,-61.51,3,4,,,
"L90x90x9-",12.2,90,9,11,5.5,15.5,2.54,6.36,3.59,3.18,0.350,28.77,"L90x90x9",12.2,115.8,17.93,2.73,184.0,3.44,47.63,1.75,-68.20,1,4,,,
"L90x90x10-",13.4,90,10,11,5.5,17.1,2.58,6.36,3.65,3.19,0.350,26.07,"L90x90x10",13.4,126.9,19.77,2.72,201.5,3.43,52.32,1.75,-74.60,1,3,,,
"L100x100x8*/-",12.2,100,8,12,6,15.5,2.74,7.07,3.87,3.52,0.390,32.00,"L100x100x8",12.2,144.8,19.94,3.06,230.2,3.85,59.47,1.96,-85.37,4,4,,,
"L100x100x10*/-",15.0,100,10,12,6,19.2,2.82,7.07,3.99,3.54,0.390,25.92,"L100x100x10",15.0,176.7,24.62,3.04,280.7,3.83,72.65,1.95,-104.0,1,4,,,
"L100x100x12*/-",17.8,100,12,12,6,22.7,2.90,7.07,4.11,3.57,0.390,21.86,"L100x100x12",17.8,206.7,29.12,3.02,328.0,3.80,85.42,1.94,-121.3,1,2,,,
"L110x110x10*",16.6,110,10,13,6.5,21.2,3.06,7.78,4.33,3.88,0.429,25.79,"L110x110x10",16.6,238.0,29.99,3.35,378.2,4.23,97.72,2.15,-140.3,2,4,,,
"L110x110x12*",19.7,110,12,13,6.5,25.1,3.15,7.78,4.45,3.91,0.429,21.73,"L110x110x12",19.7,279.1,35.54,3.33,443.3,4.20,115.0,2.14,-164.1,1,3,,,
"L120x120x10-",18.2,120,10,13,6.5,23.2,3.31,8.49,4.69,4.24,0.469,25.76,"L120x120x10",18.2,312.9,36.03,3.67,497.6,4.63,128.3,2.35,-184.6,4,4,,,
"L120x120x11",19.9,120,11,13,6.5,25.4,3.36,8.49,4.75,4.25,0.469,23.54,"L120x120x11",19.9,340.6,39.41,3.66,541.5,4.62,139.8,2.35,-200.9,2,4,,,
"L120x120x12-",21.6,120,12,13,6.5,27.5,3.40,8.49,4.80,4.26,0.469,21.69,"L120x120x12",21.6,367.7,42.73,3.65,584.3,4.61,151.0,2.34,-216.6,1,4,,,
"L120x120x13",23.3,120,13,13,6.5,29.7,3.44,8.49,4.86,4.28,0.469,20.12,"L120x120x13",23.3,394.0,46.01,3.64,625.9,4.59,162.2,2.34,-231.8,1,3,,,
"L120x120x15",26.6,120,15,13,6.5,33.9,3.51,8.49,4.97,4.31,0.469,17.60,"L120x120x15",26.6,444.9,52.43,3.62,705.6,4.56,184.2,2.33,-260.7,1,1,,,
"L130x130x12-/*",23.6,130,12,14,7,30.0,3.64,9.19,5.15,4.60,0.508,21.59,"L130x130x12",23.6,472.2,50.44,3.97,750.6,5.00,193.7,2.54,-278.5,2,4,,,
"L150x150x10-/+",23.0,150,10,16,8,29.3,4.03,10.61,5.71,5.28,0.586,25.51,"L150x150x10",23.0,624.0,56.91,4.62,992.0,5.82,256.0,2.96,-368.0,4,4,,,
"L150x150x12-/+",27.3,150,12,16,8,34.8,4.12,10.61,5.83,5.29,0.586,21.44,"L150x150x12",27.3,736.9,67.75,4.60,1172,5.80,302.0,2.94,-434.9,4,4,,,
"L150x150x14+",31.6,150,14,16,8,40.3,4.21,10.61,5.95,5.32,0.586,18.53,"L150x150x14",31.6,845.4,78.33,4.58,1344.0,5.77,346.9,2.93,-498.5,2,4,,,
"L150x150x15-/+",33.8,150,15,16,8,43.0,4.25,10.61,6.01,5.33,0.586,17.36,"L150x150x15",33.8,898.1,83.52,4.57,1427,5.76,368.9,2.93,-529.1,1,4,,,
"L150x150x18+",40.1,150,18,16,8,51.0,4.37,10.61,6.17,5.37,0.586,14.63,"L150x150x18",40.1,1050,98.74,4.54,1666,5.71,433.8,2.92,-616.2,1,2,,,
"L160x160x14+",33.9,160,14,17,8.5,43.2,4.45,11.31,6.29,5.66,0.625,18.46,"L160x160x14",33.9,1034,89.50,4.89,1644,6.17,423.8,3.13,-610.0,3,4,,,
"L160x160x15-/+",36.2,160,15,17,8.5,46.1,4.49,11.31,6.35,5.67,0.625,17.30,"L160x160x15",36.2,1099,95.50,4.88,1747,6.16,450.8,3.13,-648.0,2,4,,,
"L160x160x16+",38.4,160,16,17,8.5,49.0,4.53,11.31,6.41,5.69,0.625,16.28,"L160x160x16",38.4,1163,101.4,4.87,1848,6.14,477.6,3.12,-685.1,1,4,,,
"L160x160x17+",40.7,160,17,17,8.5,51.8,4.57,11.31,6.46,5.70,0.625,15.37,"L160x160x17",40.7,1225,107.2,4.86,1947,6.13,504.1,3.12,-721.3,1,4,,,
"L180x180x13+",35.7,180,13,18,9,45.5,4.90,12.73,6.93,6.35,0.705,19.74,"L180x180x13",35.7,1396,106.5,5.54,2221,6.99,571.6,3.55,-824.5,4,4,,,
"L180x180x14+",38.3,180,14,18,9,48.8,4.94,12.73,6.99,6.36,0.705,18.40,"L180x180x14",38.3,1493,114.3,5.53,2375,6.98,611.3,3.54,-882.0,4,4,,,
"L180x180x15+",40.9,180,15,18,9,52.1,4.98,12.73,7.05,6.37,0.705,17.23,"L180x180x15",40.9,1589,122.0,5.52,2527,6.96,650.5,3.53,-938.0,4,4,,,
"L180x180x16-/+",43.5,180,16,18,9,55.4,5.02,12.73,7.10,6.38,0.705,16.20,"L180x180x16",43.5,1682,129.7,5.51,2675,6.95,689.4,3.53,-993.0,3,4,,,
"L180x180x17+",46.0,180,17,18,9,58.7,5.06,12.73,7.16,6.40,0.705,15.30,"L180x180x17",46.0,1775,137.2,5.50,2822,6.94,727.8,3.52,-1047.0,2,4,,,
"L180x180x18-/+",48.6,180,18,18,9,61.9,5.10,12.73,7.22,6.41,0.705,14.50,"L180x180x18",48.6,1866,144.7,5.49,2965,6.92,766.0,3.52,-1100.0,1,4,,,
"L180x180x19+",51.1,180,19,18,9,65.1,5.14,12.73,7.27,6.42,0.705,13.78,"L180x180x19",51.1,1955,152.1,5.48,3106,6.91,803.8,3.51,-1151,1,4,,,
"L180x180x20+",53.7,180,20,18,9,68.4,5.18,12.73,7.33,6.44,0.705,13.13,"L180x180x20",53.7,2043,159.4,5.47,3244,6.89,841.3,3.51,-1202,1,3,,,
"L200x200x15+",45.6,200,15,18,9,58.1,5.48,14.14,7.75,7.08,0.785,17.20,"L200x200x15",45.6,2209,152.2,6.17,3516,7.78,903.0,3.94,-1306,4,4,,,
"L200x200x16-/+",48.5,200,16,18,9,61.8,5.52,14.14,7.81,7.09,0.785,16.18,"L200x200x16",48.5,2341,161.7,6.16,3726,7.77,957.0,3.94,-1384,4,4,,,
"L200x200x17+",51.4,200,17,18,9,65.5,5.56,14.14,7.87,7.10,0.785,15.27,"L200x200x17",51.4,2472,171.2,6.14,3932,7.75,1011.0,3.93,-1461,4,4,,,
"L200x200x18-/+",54.3,200,18,18,9,69.1,5.60,14.14,7.93,7.12,0.785,14.46,"L200x200x18",54.3,2600,180.6,6.13,4135,7.74,1064.0,3.92,-1536,3,4,,,
"L200x200x19+",57.1,200,19,18,9,72.7,5.64,14.14,7.98,7.13,0.785,13.74,"L200x200x19",57.1,2726,189.9,6.12,4335,7.72,1117,3.92,-1609,2,4,,,
"L200x200x20-/+",59.9,200,20,18,9,76.3,5.68,14.14,8.04,7.15,0.785,13.09,"L200x200x20",59.9,2851,199.1,6.11,4532,7.70,1169,3.91,-1681,1,4,,,
"L200x200x21+",62.8,200,21,18,9,79.9,5.72,14.14,8.09,7.16,0.785,12.50,"L200x200x21",62.8,2973,208.2,6.10,4725,7.69,1221,3.91,-1752,1,4,,,
"L200x200x22+",65.6,200,22,18,9,83.5,5.76,14.14,8.15,7.18,0.785,11.97,"L200x200x22",65.6,3094,217.3,6.09,4915,7.67,1273,3.90,-1821,1,3,,,
"L200x200x23+",68.3,200,23,18,9,87.1,5.80,14.14,8.20,7.19,0.785,11.48,"L200x200x23",68.3,3213,226.3,6.08,5102,7.66,1324,3.90,-1889,1,2,,,
"L200x200x24-/+",71.1,200,24,18,9,91.0,5.84,14.14,8.26,7.21,0.785,11.03,"L200x200x24",71.1,3331,235.2,6.06,5286,7.64,1375,3.90,-1955,1,2,,,
"L200x200x25+",73.9,200,25,18,9,94.1,5.88,14.14,8.31,7.23,0.785,10.62,"L200x200x25",73.9,3446,244.0,6.05,5467,7.62,1426,3.89,-2020,1,1,,,
"L200x200x26+",76.6,200,26,18,9,97.6,5.91,14.14,8.36,7.25,0.785,10.24,"L200x200x26",76.6,3560,252.7,6.04,5645,7.61,1476,3.89,-2084,1,1,,,
"L250x250x20+",75.6,250,20,18,9,96.4,6.93,17.68,9.81,8.91,0.985,13.02,"L250x250x20",75.6,5743,317.9,7.72,9144,9.74,2341,4.93,-3401,4,4,,,
"L250x250x21+",79.2,250,21,18,9,101.0,6.97,17.68,9.86,8.93,0.985,12.43,"L250x250x21",79.2,5997,332.7,7.71,9548,9.73,2447,4.92,-3550,4,4,,,
"L250x250x22+",82.8,250,22,18,9,106.0,7.01,17.68,9.92,8.94,0.985,11.89,"L250x250x22",82.8,6249,347.4,7.70,9946,9.71,2551,4.92,-3697,3,4,,,
"L250x250x23+",86.4,250,23,18,9,110,7.05,17.68,9.97,8.96,0.985,11.40,"L250x250x23",86.4,6497,362.0,7.68,10339,9.69,2655,4.91,-3842,2,4,,,
"L250x250x24+",90.0,250,24,18,9,115,7.09,17.68,10.03,8.98,0.985,10.95,"L250x250x24",90.0,6743,376.5,7.67,10727,9.68,2759,4.91,-3984,2,4,,,
"L250x250x25+",93.5,250,25,18,9,119,7.13,17.68,10.08,8.99,0.985,10.53,"L250x250x25",93.5,6986,390.9,7.66,11110,9.66,2861,4.90,-4124,1,4,,,
"L250x250x26+",97.0,250,26,18,9,124,7.17,17.68,10.13,9.01,0.985,10.15,"L250x250x26",97.0,7226,405.2,7.65,11488,9.64,2963,4.90,-4262,1,4,,,
"L250x250x27+",101.0,250,27,18,9,128,7.20,17.68,10.19,9.03,0.985,9.79,"L250x250x27",101.0,7463,419.3,7.63,11861,9.62,3065,4.89,-4398,1,3,,,
"L250x250x28-/+",104.0,250,28,18,9,133,7.24,17.68,10.24,9.04,0.985,9.47,"L250x250x28",104.0,7697,433.4,7.62,12229,9.61,3166,4.89,-4532,1,2,,,
"L250x250x35-/+",128,250,35,18,9,163,7.50,17.68,10.61,9.17,0.985,7.69,"L250x250x35",128,9264,529.4,7.54,14669,9.48,3859,4.86,-5405,1,1,,,
"L203x203x19/+",57.9,203,19,8,4,73.6,5.76,14.35,8.15,7.38,0.805,13.94,"L203x203x19",57.9,2881,198.2,6.26,4588,7.90,1174,3.99,-1707,2,4,,,
"L203x203x22.2/+",67.0,203,22.2,8,4,85.0,5.88,14.35,8.32,7.44,0.805,12.03,"L203x203x22.2",67.0,3293,228.4,6.21,5236,7.84,1350,3.98,-1943,1,3,,,
"L203x203x25.4/+",75.9,203,25.4,8,4,96.8,6.00,14.35,8.48,7.50,0.805,10.60,"L203x203x25.4",75.9,3686,257.7,6.17,5850,7.78,1522,3.97,-2164,1,1,,,
"L203x203x28.6/+",84.7,203,28.6,8,4,108.0,6.11,14.35,8.65,7.57,0.805,9.50,"L203x203x28.6",84.7,4062,286.3,6.13,6432,7.72,1692,3.96,-2370,1,1,,,
